1.64 4 0 2.5 1524
1.64 4 30 2.5 1524
1.64 4 45 2.5 1524
1.64 4 60 2.5 1524
1.64 4 90 2.5 1524

1.64 4 120 2.5 1524
1.64 4 135 2.5 1524
1.64 4 150 2.5 1524
1.64 4 180 2.5 1524

1.64 4 210 2.5 1524
1.64 4 225 2.5 1524
1.64 4 240 2.5 1524
1.64 4 270 2.5 1524

1.64 4 300 2.5 1524
1.64 4 315 2.5 1524
1.64 4 330 2.5 1524

1.64 4 15 2.5 1524
1.64 4 75 2.5 1524

1.64 4 105 2.5 1524
1.64 4 165 2.5 1524

1.64 4 195 2.5 1524
1.64 4 255 2.5 1524

1.64 4 285 2.5 1524
1.64 4 345 2.5 1524