1.64 4 0 2.5 1524
1.64 5 0 2.78 1524
1.64 6 0 3.05 1524
1.64 7 0 3.3 1524
1.64 8 0 3.54 1524
1.64 4 90 2.48 1524
1.64 5 90 2.7 1524
1.64 6 90 2.94 1524
1.64 7 90 3.22 1524
1.64 8 90 3.5 1524
1.64 4 180 2.44 1524
1.64 5 180 2.71 1524
1.64 6 180 2.98 1524
1.64 7 180 3.23 1524
1.64 8 180 3.48 1524
1.64 4 225 2.48 1524
1.64 5 225 2.76 1524
1.64 6 225 3.0 1524
1.64 7 225 3.21 1524
1.64 8 225 3.49 1524
1.64 4 270 2.05 1524
1.64 5 270 2.19 1524
1.64 6 270 2.34 1524
1.64 7 270 2.53 1524
1.64 8 270 2.8 1524
1.64 4 315 1.77 1524
1.64 5 315 1.89 1524
1.64 6 315 2.02 1524
1.64 7 315 2.2 1524
1.64 8 315 2.3 1524